
Logging seconds, mA, degrees C, PWM% with period (mins:secs): 00:05
Press Ctrl-C to stop

000000, 0000, 0000, 0000, 0000, 0000, 0000, 0000, 0000, 28.0, 50.0
000005, 0000, 0000, 0000, 0000, 0000, 0000, 0000, 0000, 28.0, 50.0
000010, 0000, 0000, 0000, 0000, 0000, 0000, 0000, 0000, 28.0, 50.0
000015, 0000, 0000, 0000, 0000, 0000, 0000, 0000, 0000, 28.0, 50.0
000020, 0000, 0000, 0000, 0000, 0000, 0000, 0000, 0000, 28.0, 50.0
000025, 0000, 0000, 0000, 0000, 0000, 0000, 0000, 0000, 28.0, 50.0
000030, 0000, 0000, 0000, 0000, 0000, 0000, 0000, 0000, 28.0, 50.0

>> 